2.1000000        -1.6619406        2255.1050        0.86787664        1292.1313
2.1050000        -1.6568110        2230.5708        0.86507392        1280.5998
2.1100000        -1.6517785        2206.5803        0.86255144        1270.1121
2.1150000        -1.6473107        2184.2801        0.86028475        1260.4323
2.1200000        -1.6420303        2160.1145        0.85692691        1247.7740
2.1250000        -1.6370871        2137.0806        0.85406871        1236.5973
2.1300000        -1.6325481        2115.3021        0.85114687        1225.3982
2.1350000        -1.6262053        2089.0938        0.84725321        1211.3802
2.1400000        -1.6214995        2067.3603        0.84432182        1200.3467
2.1450000        -1.6150480        2041.4740        0.83890643        1182.6475
2.1500000        -1.6098862        2019.0044        0.83623336        1172.2414
2.1550000        -1.6032864        1993.2466        0.83139922        1156.2065
2.1600000        -1.5982720        1971.6518        0.82787512        1143.8613
2.1650000        -1.5939565        1951.9978        0.82541057        1134.5617
2.1700000        -1.5866497        1925.2807        0.81999602        1117.3054
2.1750000        -1.5793674        1898.9760        0.81314846        1097.0174
2.1800000        -1.5734442        1876.1629        0.80839882        1081.7280
2.1850000        -1.5659113        1849.7942        0.80203758        1062.8480
2.1900000        -1.5605556        1828.8446        0.79825591        1050.7829
2.1950000        -1.5546964        1806.8788        0.79373238        1036.5316
2.2000000        -1.5470137        1780.9749        0.78671157        1016.7329
2.2050000        -1.5384701        1753.5771        0.77182001        984.53296
2.2100000        -1.5304692        1727.5874        0.76447764        959.98135
2.2150000        -1.5259614        1709.5882        0.76806253        963.40687
2.2200000        -1.5195766        1687.7450        0.76153009        946.09082
2.2250000        -1.5114742        1662.3788        0.75221666        921.55923
2.2300000        -1.4991916        1628.3448        0.73001086        873.14399
2.2350000        -1.4915170        1604.6279        0.72022802        851.86702
2.2400000        -1.4799122        1572.8666        0.69494241        799.48420
2.2450000        -1.4720589        1549.3854        0.68055692        777.96295
2.2500000        -1.4618071        1521.1430        0.67094961        748.99164
2.2550000        -1.4554291        1501.2601        0.66193636        730.39395
2.2600000        -1.4421607        1467.5974        0.64270564        689.18825
2.2650000        -1.4366856        1450.0852        0.63119079        673.69206
2.2700000        -1.4175190        1405.6953        0.57124459        571.48154
2.2750000        -1.4078176        1380.5658        0.55897551        549.85140
2.2800000        -1.3920559        1343.8742        0.50996359        474.20600
2.2850000        -1.3819878        1318.6292        0.49513416        444.18221
2.2900000        -1.3846196        1317.9189        0.53510384        497.86134
2.2950000        -1.3699907        1284.6773        0.47887011        424.30610
2.3000000        -1.3613926        1263.0870        0.47158072        407.80010
2.3050000        -1.3496524        1235.9572        0.43741904        362.19242
2.3100000        -1.3377710        1209.0923        0.40427211        317.78307
2.3150000        -1.3266676        1183.8571        0.38744868        291.79111
2.3200000        -1.3174568        1162.4751        0.35174831        251.82745
2.3250000        -1.3112693        1146.5083        0.34895494        243.83207
2.3300000        -1.2972101        1117.2520        0.31358075        204.33808
2.3350000        -1.2905120        1100.9293        0.30069063        187.11345
2.3400000        -1.2839633        1085.0668        0.27836264        165.27701
2.3450000        -1.2787235        1071.7203        0.27953865        164.15365
2.3500000        -1.2692738        1051.3778        0.26637736        150.91002
2.3550000        -1.2596367        1031.0595        0.23107392        118.51051
2.3600000        -1.2538843        1017.3767        0.22937368        116.68501
2.3650000        -1.2465535        1001.2157        0.21710637        105.58594
2.3700000        -1.2396980        985.99255        0.21116379        98.395137
2.3750000        -1.2335584        972.15979        0.19773437        87.816928
2.3800000        -1.2271820        958.11588        0.19731018        87.388318
2.3850000        -1.2219046        945.88110        0.18467046        77.180201
2.3900000        -1.2156814        932.33629        0.17563981        70.473220
2.3950000        -1.2094508        918.95051        0.16813572        64.655141
2.4000000        -1.2063527        910.47946        0.17350615        68.226370
