2.1000000        -1.6618696        2254.8910        0.86810225        1292.6609
2.1050000        -1.6573540        2232.0189        0.86631658        1284.1218
2.1100000        -1.6525095        2208.5284        0.86366890        1273.3608
2.1150000        -1.6482270        2186.7281        0.86124122        1263.1998
2.1200000        -1.6431262        2163.0140        0.85798369        1250.8627
2.1250000        -1.6361570        2134.6680        0.85282668        1233.1245
2.1300000        -1.6319221        2113.6642        0.85065862        1224.0203
2.1350000        -1.6258018        2088.0689        0.84640508        1209.0312
2.1400000        -1.6205316        2064.9209        0.84260437        1195.6711
2.1450000        -1.6163714        2044.7524        0.84155030        1189.6543
2.1500000        -1.6104120        2020.2931        0.83690383        1174.0001
2.1550000        -1.6047705        1996.9447        0.83221711        1158.7486
2.1600000        -1.5991067        1973.6980        0.82980576        1148.9751
2.1650000        -1.5932390        1950.2551        0.82520682        1133.9306
2.1700000        -1.5864299        1924.7547        0.81990037        1117.3189
2.1750000        -1.5792235        1898.5991        0.81311864        1096.6289
2.1800000        -1.5736123        1876.5653        0.80891931        1083.1695
2.1850000        -1.5664489        1851.0322        0.80330779        1065.8634
2.1900000        -1.5602385        1828.1151        0.79631003        1047.0407
2.1950000        -1.5521942        1801.1295        0.78896540        1025.3315
2.2000000        -1.5490402        1785.6151        0.79060454        1025.8381
2.2050000        -1.5390665        1754.8526        0.77632902        989.88547
2.2100000        -1.5315429        1729.9259        0.77078229        973.40420
2.2150000        -1.5279987        1714.1218        0.77167669        971.97722
2.2200000        -1.5183439        1685.0488        0.75695104        937.54918
2.2250000        -1.5088682        1656.6540        0.74894809        913.69351
2.2300000        -1.4994480        1628.7813        0.73212903        874.27380
2.2350000        -1.4926704        1606.9670        0.72782647        863.08266
2.2400000        -1.4832890        1579.9470        0.70755351        825.92013
2.2450000        -1.4744594        1554.2756        0.70178028        805.88766
2.2500000        -1.4639955        1525.7140        0.67184402        755.82276
2.2550000        -1.4573874        1505.1871        0.67360588        748.29367
2.2600000        -1.4429620        1469.1331        0.64703634        690.16825
2.2650000        -1.4338239        1444.3641        0.62579215        663.40434
2.2700000        -1.4309132        1431.9891        0.63904048        670.37459
2.2750000        -1.4077014        1380.2914        0.54969789        539.04575
2.2800000        -1.4031996        1365.4136        0.56706112        554.44465
2.2850000        -1.3872008        1328.7569        0.50571613        471.53746
2.2900000        -1.3908223        1329.7109        0.56072475        535.75525
2.2950000        -1.3636681        1272.9296        0.44060384        378.59651
2.3000000        -1.3597628        1259.9118        0.46952413        397.49273
2.3050000        -1.3559081        1247.3892        0.48077246        411.91582
2.3100000        -1.3375572        1208.8241        0.40135914        317.98102
2.3150000        -1.3299657        1189.8013        0.39987629        304.27494
2.3200000        -1.3186502        1164.4881        0.36793307        264.36930
2.3250000        -1.3102805        1144.8652        0.34201004        237.30028
2.3300000        -1.2990221        1120.3526        0.31281759        203.50119
2.3350000        -1.2923769        1104.2076        0.30109269        191.20387
2.3400000        -1.2828224        1083.2051        0.27352553        161.96292
2.3450000        -1.2751448        1065.6705        0.25918132        143.50127
2.3500000        -1.2658714        1045.8050        0.24449994        134.05864
2.3550000        -1.2616439        1034.3678        0.25920334        140.66629
2.3600000        -1.2538476        1017.2714        0.22625959        113.61903
2.3650000        -1.2499684        1006.7281        0.23099898        115.90797
2.3700000        -1.2421959        990.06505        0.21689867        106.09118
2.3750000        -1.2330884        971.38441        0.20017709        88.306063
2.3800000        -1.2283295        959.90659        0.20360069        92.655887
2.3850000        -1.2200021        942.89546        0.18327340        75.392171
2.3900000        -1.2162459        933.20596        0.18384618        75.914494
2.3950000        -1.2111943        921.61148        0.17887215        72.472756
2.4000000        -1.2044773        907.60818        0.17048761        66.679596
