2.1000000        -1.6618009        6262.4549        0.86838921        3591.6355
2.1050000        -1.6568831        6195.9059        0.86551074        3559.3924
2.1100000        -1.6526142        6134.8560        0.86345242        3534.0553
2.1150000        -1.6470237        6064.6748        0.85958542        3494.3752
2.1200000        -1.6423996        6002.2660        0.85712096        3466.1978
2.1250000        -1.6367817        5933.3097        0.85332013        3427.6220
2.1300000        -1.6321959        5872.4652        0.85081070        3399.4940
2.1350000        -1.6265643        5804.7470        0.84738060        3364.3199
2.1400000        -1.6207443        5736.4123        0.84331011        3324.4213
2.1450000        -1.6157294        5674.4723        0.84004703        3291.2977
2.1500000        -1.6101093        5608.8813        0.83658433        3256.5671
2.1550000        -1.6042458        5542.3596        0.83234778        3216.4191
2.1600000        -1.5976860        5471.7415        0.82573311        3159.1512
2.1650000        -1.5924939        5411.1667        0.82306237        3131.5686
2.1700000        -1.5855107        5339.1965        0.81808515        3086.2874
2.1750000        -1.5789558        5270.9209        0.81195026        3033.7844
2.1800000        -1.5742309        5215.4146        0.81012389        3013.0535
2.1850000        -1.5675253        5147.4401        0.80451842        2964.7377
2.1900000        -1.5607675        5079.9447        0.79833451        2913.4208
2.1950000        -1.5528204        5005.5195        0.79015278        2848.3004
2.2000000        -1.5456065        4936.6902        0.78347843        2794.5214
2.2050000        -1.5384531        4868.9617        0.77634757        2738.5091
2.2100000        -1.5305629        4797.5428        0.76535106        2659.8043
2.2150000        -1.5230525        4729.1981        0.75773562        2601.0854
2.2200000        -1.5170590        4670.9208        0.75458391        2572.5836
2.2250000        -1.5084739        4597.5453        0.74472668        2501.3568
2.2300000        -1.4999183        4525.4027        0.72909463        2406.1419
2.2350000        -1.4931120        4464.3309        0.72574758        2369.2514
2.2400000        -1.4831720        4385.4778        0.71222245        2277.6782
2.2450000        -1.4650464        4260.5834        0.63982418        1934.4074
2.2500000        -1.4661100        4247.2812        0.68902205        2126.0628
2.2550000        -1.4502668        4138.0529        0.63619624        1863.1187
