2.1000000        -1.6606690        1.0547136        0.86445371        3.1993705
2.1050000        -1.6573496        0.97863587        0.86608865        0.97014610
2.1100000        -1.6526998        0.99419311        0.86380635        0.99359228
2.1150000        -1.6478569        0.99056400        0.86118133        1.0253644
2.1200000        -1.6410052        1.0541605        0.85571620        1.3022359
2.1250000        -1.6371966        1.0577762        0.85341841        1.3472180
2.1300000        -1.6321610        1.0580190        0.85065948        1.3208734
2.1350000        -1.6266664        1.0737825        0.84748501        1.3684355
2.1400000        -1.6204533        1.1289426        0.84295226        1.6250110
2.1450000        -1.6151680        1.1318057        0.83996552        1.5617230
2.1500000        -1.6089753        1.1378021        0.83554086        1.6188375
2.1550000        -1.6058834        1.1306142        0.83360995        1.7764529
2.1600000        -1.5977260        1.1789232        0.82819505        2.1574038
2.1650000        -1.5931320        1.1996485        0.82457278        2.1022006
2.1700000        -1.5848119        1.2328753        0.81755341        2.4031821
2.1750000        -1.5793039        1.2838205        0.81270480        2.8216657
2.1800000        -1.5716209        1.2955751        0.80678310        2.8898353
2.1850000        -1.5653221        1.3306182        0.80080458        3.5726541
2.1900000        -1.5604239        1.3699703        0.79537250        4.9039291
2.1950000        -1.5528659        1.4166531        0.78834233        6.0623774
2.2000000        -1.5439497        1.5309129        0.77573609        8.0419924
2.2050000        -1.5373354        1.4491260        0.77579169        4.8288494
2.2100000        -1.5316357        1.4886384        0.77028680        6.1954004
2.2150000        -1.5225085        1.5419056        0.75679936        8.3430948
2.2200000        -1.5173641        1.5114174        0.75790159        6.2934156
2.2250000        -1.5096936        1.5871814        0.74623896        8.1615192
2.2300000        -1.5033113        1.6116594        0.74007834        9.0002393
2.2350000        -1.4916541        1.7419828        0.72445509        11.784139
2.2400000        -1.4883356        1.6580843        0.72755041        9.2371796
2.2450000        -1.4738785        1.8634727        0.69207063        17.197003
2.2500000        -1.4677496        1.8310176        0.69333494        14.968769
2.2550000        -1.4589827        1.8641211        0.68656701        13.605505
2.2600000        -1.4498200        1.8615952        0.67300285        14.641612
2.2650000        -1.4372260        1.9429047        0.64648923        19.158419
2.2700000        -1.4305529        1.9458342        0.64161305        19.698496
2.2750000        -1.4239191        1.8461328        0.63867216        17.008986
2.2800000        -1.4104712        1.9789491        0.60989181        21.702232
2.2850000        -1.3957026        2.0717364        0.56856213        28.675696
2.2900000        -1.3928825        1.9626919        0.58259260        24.379795
2.2950000        -1.3842142        1.9270611        0.56514448        25.948539
2.3000000        -1.3728033        1.9524847        0.54942632        26.950291
2.3050000        -1.3556632        2.0290697        0.50550826        30.707296
2.3100000        -1.3525778        1.9562871        0.51179153        28.100721
2.3150000        -1.3386545        1.8938548        0.47495691        30.196989
2.3200000        -1.3319027        1.8919376        0.47013268        30.341808
2.3250000        -1.3178600        1.7943936        0.43158334        30.584337
2.3300000        -1.3093686        1.7781058        0.40946810        31.224793
2.3350000        -1.2963040        1.6255277        0.37684210        31.096417
2.3400000        -1.2960409        1.6752627        0.40318740        27.704349
2.3450000        -1.2878156        1.6706739        0.38841495        28.323236
2.3500000        -1.2733618        1.5813648        0.35471933        27.467246
2.3550000        -1.2652601        1.5257495        0.33087209        26.927785
2.3600000        -1.2595502        1.4827416        0.32361833        26.860365
2.3650000        -1.2520872        1.4411222        0.31977007        24.354680
2.3700000        -1.2492076        1.4018232        0.32133757        23.869559
2.3750000        -1.2424251        1.4078794        0.30822045        24.422917
2.3800000        -1.2354494        1.3666570        0.30707820        22.147925
2.3850000        -1.2262718        1.3332814        0.27993295        21.885397
2.3900000        -1.2214705        1.2897637        0.27568163        20.607960
2.3950000        -1.2119509        1.2489161        0.25311331        19.752710
2.4000000        -1.2070436        1.2180690        0.25512720        18.606041

