2.1000000        -1.6602052        1.1337306        0.86249096        7.1541894
2.1050000        -1.6576211        0.97034696        0.86671424        0.94677759
2.1100000        -1.6518900        0.99624860        0.86214197        1.2377511
2.1150000        -1.6474283        1.0112262        0.86014016        1.1099132
2.1200000        -1.6426277        1.0105966        0.85751569        1.1560807
2.1250000        -1.6378489        1.0283302        0.85448321        1.1914207
2.1300000        -1.6321068        1.0767631        0.85035309        1.4660165
2.1350000        -1.6266188        1.0914558        0.84725327        1.3847453
2.1400000        -1.6208262        1.0996648        0.84361208        1.4814190
2.1450000        -1.6153380        1.1171972        0.83906062        1.9781364
2.1500000        -1.6085769        1.1760359        0.83416195        1.9313206
2.1550000        -1.6037394        1.1616467        0.83082984        2.1331113
2.1600000        -1.5979969        1.1849632        0.82660794        2.7014680
2.1650000        -1.5920421        1.2340220        0.82268170        2.4109577
2.1700000        -1.5862795        1.2497137        0.81869868        2.7406871
2.1750000        -1.5807997        1.2375820        0.81590994        2.2797310
2.1800000        -1.5728914        1.2821885        0.80730503        3.0860426
2.1850000        -1.5675704        1.3004248        0.80352427        3.2660463
2.1900000        -1.5597703        1.3170216        0.79846909        2.9096828
2.1950000        -1.5535684        1.3590102        0.79228196        3.7830600
2.2000000        -1.5484864        1.3636062        0.78892677        3.7869966
2.2050000        -1.5407633        1.3960112        0.78155158        4.1325540
2.2100000        -1.5309886        1.5161432        0.76748232        7.8101788
2.2150000        -1.5237362        1.5891516        0.76097132        7.2557341
2.2200000        -1.5187284        1.4898294        0.76058039        5.6594548
2.2250000        -1.5094061        1.5537677        0.74857931        6.8769864
2.2300000        -1.5029939        1.6301651        0.74179992        9.0509568
2.2350000        -1.4893639        1.7983743        0.71349971        17.872523
2.2400000        -1.4824263        1.7864293        0.71293820        13.802715
2.2450000        -1.4716178        1.8509044        0.69204279        17.216466
2.2500000        -1.4681041        1.7358821        0.69834667        13.165920
2.2550000        -1.4525089        2.0558863        0.65173227        35.089718
2.2600000        -1.4449037        2.0576017        0.64058558        37.604690
2.2650000        -1.4377680        1.9686959        0.63754664        35.074494
2.2700000        -1.4162923        2.3162597        0.56606939        60.687780
2.2750000        -1.4148440        2.1152869        0.59315112        41.454079
2.2800000        -1.4064518        2.0594864        0.58175139        41.469450
2.2850000        -1.3870756        2.2169357        0.51880957        55.940847
2.2900000        -1.3761168        2.0966503        0.49495955        52.492596
2.2950000        -1.3706570        2.1325862        0.48615046        60.503633
2.3000000        -1.3568651        2.1576419        0.43634123        72.424691
2.3050000        -1.3495349        2.0867318        0.43147796        64.668003
2.3100000        -1.3334132        1.9240304        0.37750451        58.760787
2.3150000        -1.3273800        1.9157954        0.37853672        59.790435
2.3200000        -1.3192025        1.8628353        0.37204017        57.898312
2.3250000        -1.3070562        1.7566901        0.33398134        54.666166
2.3300000        -1.2974416        1.6254213        0.30562668        49.825668
2.3350000        -1.2913438        1.6600343        0.29760594        51.525298
2.3400000        -1.2837480        1.5305262        0.29037417        45.560191
2.3450000        -1.2735131        1.4734705        0.24551034        42.146207
2.3500000        -1.2662889        1.3828789        0.24712214        36.701185
2.3550000        -1.2603797        1.3641880        0.23686458        36.168177
2.3600000        -1.2543532        1.3666520        0.23185048        33.665079
2.3650000        -1.2453812        1.2961552        0.21076219        30.614018
2.3700000        -1.2424129        1.3051307        0.22578163        32.984149
2.3750000        -1.2339386        1.1975196        0.20112122        26.173396
2.3800000        -1.2293063        1.2365823        0.20050469        29.920891
2.3850000        -1.2195775        1.1782770        0.17156104        23.478273
2.3900000        -1.2149267        1.2095800        0.17913268        25.706268
2.3950000        -1.2108473        1.1610045        0.17962798        23.281727
2.4000000        -1.2038646        1.1236493        0.16984798        21.993171
