1        -0.020000000        -0.010000000        3
2        -0.040000000        -0.020000000        3
3        -0.060000000        -0.030000000        3
4        -0.080000000        -0.040000000        3
5        -0.10000000        -0.050000000        3
6        -0.12000000        -0.060000000        3
7        -0.14000000        -0.070000000        3
8        -0.16000000        -0.080000000        3
9        -0.18000000        -0.090000000        3
10        -0.20000000        -0.10000000        3
11        -0.22000000        -0.11000000        3
12        -0.24000000        -0.12000000        3
13        -0.26000000        -0.13000000        3
14        -0.28000000        -0.14000000        3
15        -0.30000000        -0.15000000        3
16        -0.32000000        -0.16000000        3
17        -0.34000000        -0.17000000        3
18        -0.36000000        -0.18000000        3
19        -0.38000000        -0.19000000        3
20        -0.40000000        -0.20000000        3
21        -0.42000000        -0.21000000        3
22        -0.44000000        -0.22000000        3
23        -0.46000000        -0.23000000        3
24        -0.48000000        -0.24000000        3
25        -0.50000000        -0.25000000        3
26        -0.52000000        -0.26000000        3
27        -0.54000000        -0.27000000        3
28        -0.56000000        -0.28000000        3
29        -0.58000000        -0.29000000        3
30        -0.60000000        -0.30000000        3
31        -0.62000000        -0.31000000        3
32        -0.64000000        -0.32000000        3
33        -0.66000000        -0.33000000        3
34        -0.68000000        -0.34000000        3
35        -0.70000000        -0.35000000        3
36        -0.72000000        -0.36000000        3
37        -0.74000000        -0.37000000        3
38        -0.76000000        -0.38000000        3
39        -0.78000000        -0.39000000        3
40        -0.80000000        -0.40000000        3
41        -0.82000000        -0.41000000        3
42        -0.84000000        -0.42000000        3
43        -0.86000000        -0.43000000        3
44        -0.88000000        -0.44000000        3
45        -0.90000000        -0.45000000        3
46        -0.92000000        -0.46000000        3
47        -0.94000000        -0.47000000        3
48        -0.96000000        -0.48000000        3
49        -0.98000000        -0.49000000        3
50        -1.0000000        -0.50000000        3
51        -1.0200000        -0.51000000        3
52        -1.0400000        -0.52000000        3
53        -1.0600000        -0.53000000        3
54        -1.0800000        -0.54000000        3
55        -1.1000000        -0.55000000        3
56        -1.1200000        -0.56000000        3
57        -1.1400000        -0.57000000        3
58        -1.1600000        -0.58000000        3
59        -1.1800000        -0.59000000        3
60        -1.2000000        -0.60000000        3
61        -1.2200000        -0.61000000        3
62        -1.2400000        -0.62000000        3
63        -1.2600000        -0.63000000        3
64        -1.2800000        -0.64000000        3
65        -1.3000000        -0.65000000        3
66        -1.3200000        -0.66000000        3
67        -1.3400000        -0.67000000        3
68        -1.3600000        -0.68000000        3
69        -1.3800000        -0.69000000        3
70        -1.4000000        -0.70000000        3
71        -1.4200000        -0.71000000        3
72        -1.4400000        -0.72000000        3
73        -1.4600000        -0.73000000        3
74        -1.4800000        -0.74000000        3
75        -1.5000000        -0.75000000        3
76        -1.5200000        -0.76000000        3
77        -1.5400000        -0.77000000        3
78        -1.5600000        -0.78000000        3
79        -1.5800000        -0.79000000        3
80        -1.6000000        -0.80000000        3
81        -1.6200000        -0.81000000        3
82        -1.6400000        -0.82000000        3
83        -1.6600000        -0.83000000        3
84        -1.6800000        -0.84000000        3
85        -1.7000000        -0.85000000        3
86        -1.7200000        -0.86000000        3
87        -1.7400000        -0.87000000        3
88        -1.7600000        -0.88000000        3
89        -1.7800000        -0.89000000        3
90        -1.8000000        -0.90000000        3
91        -1.8200000        -0.91000000        3
92        -1.8400000        -0.92000000        3
93        -1.8600000        -0.93000000        3
94        -1.8800000        -0.94000000        3
95        -1.9000000        -0.95000000        3
96        -1.9200000        -0.96000000        3
97        -1.9400000        -0.97000000        3
98        -1.9600000        -0.98000000        3
99        -1.9800000        -0.99000000        3
100        -2.0000000        -1.0000000        3
