1.0000000        -1.9956400        0.034803962        0.99861500        0.0039423271
1.1000000        -1.9916400        0.055041687        0.99722500        0.0075083614
1.2000000        -1.9869800        0.071862443        0.99572000        0.010488939
1.3000000        -1.9757600        0.11354420        0.99198000        0.018186706
1.4000000        -1.9606400        0.15781794        0.98679000        0.028029988
1.5000000        -1.9455000        0.18878178        0.98200500        0.034809813
1.6000000        -1.9236200        0.22957202        0.97435000        0.046805194
1.7000000        -1.8952400        0.27568906        0.96500500        0.059100823
1.8000000        -1.8683400        0.30516746        0.95617000        0.068853180
1.9000000        -1.8375600        0.33215872        0.94573500        0.079837494
2.0000000        -1.8025200        0.35828165        0.93450000        0.089469500
2.1000000        -1.7609000        0.38493532        0.92004500        0.10280895
2.2000000        -1.7254800        0.39490807        0.90899500        0.10882835
2.3000000        -1.6823800        0.40786203        0.89449500        0.11832382
2.4000000        -1.6441600        0.41217909        0.88167000        0.12510502
2.5000000        -1.6016600        0.41544016        0.86807500        0.13054927
2.6000000        -1.5669000        0.40993159        0.85695000        0.13341800
2.7000000        -1.5184200        0.40996472        0.84044000        0.13997127
2.8000000        -1.4748200        0.40501325        0.82553500        0.14452781
2.9000000        -1.4362600        0.39659320        0.81291500        0.14648511
