2.1000000        -1.6599592        1.4842921        0.85760146        29.114824
2.1050000        -1.6576520        0.95661651        0.86632385        0.95823060
2.1100000        -1.6520232        1.0071278        0.86255191        1.1492450
2.1150000        -1.6474206        1.0205911        0.86017539        1.1187198
2.1200000        -1.6420691        1.0402947        0.85665155        1.2777760
2.1250000        -1.6368848        1.0252998        0.85367132        1.2166788
2.1300000        -1.6317345        1.0703443        0.85060858        1.3352566
2.1350000        -1.6269622        1.0760312        0.84755994        1.4729594
2.1400000        -1.6205547        1.0697693        0.84318309        1.4198546
2.1450000        -1.6153963        1.1152189        0.83955500        1.6526640
2.1500000        -1.6098520        1.1481729        0.83584497        1.7652847
2.1550000        -1.6044487        1.1518472        0.83256827        1.8832037
2.1600000        -1.5981475        1.1953823        0.82734036        2.0887730
2.1650000        -1.5912391        1.2129659        0.82161532        2.4052457
2.1700000        -1.5865520        1.2018992        0.81990268        2.1328766
2.1750000        -1.5792008        1.2659723        0.81165045        2.8663462
2.1800000        -1.5741076        1.2905476        0.80996275        2.8891215
2.1850000        -1.5664658        1.3072434        0.80262807        3.3671059
2.1900000        -1.5593254        1.3658619        0.79486242        4.6899704
2.1950000        -1.5535703        1.3506881        0.79165073        3.6737090
2.2000000        -1.5468710        1.4298166        0.78541536        4.5625278
2.2050000        -1.5390302        1.4030633        0.77805954        4.6075424
2.2100000        -1.5329827        1.4954576        0.77165990        7.0700802
2.2150000        -1.5229463        1.5170154        0.75893103        7.4061357
2.2200000        -1.5147778        1.6248094        0.75081826        8.3230010
2.2250000        -1.5077336        1.6362738        0.74303222        8.8820878
2.2300000        -1.5020508        1.6073256        0.74164888        7.3124522
2.2350000        -1.4912423        1.8910253        0.71647907        29.340942
2.2400000        -1.4827497        1.8854683        0.70882190        18.252227
2.2450000        -1.4765051        1.6851564        0.70594199        12.335713
2.2500000        -1.4624899        1.9798029        0.67203934        29.329266
2.2550000        -1.4504239        2.1834404        0.64172476        56.359942
2.2600000        -1.4431719        2.3898672        0.61862244        107.94581
2.2650000        -1.4266463        2.3349112        0.56934691        107.29007
2.2700000        -1.4221787        2.1937990        0.59518494        53.337013
2.2750000        -1.4054719        2.6339879        0.52326838        137.02927
2.2800000        -1.3918807        2.4480874        0.47487408        133.20229
2.2850000        -1.3784420        2.3823723        0.38955846        191.85004
2.2900000        -1.3690195        2.4695530        0.37878316        184.99382
2.2950000        -1.3564893        2.2655773        0.33838200        171.74486
2.3000000        -1.3536941        2.0294001        0.37184754        135.48657
2.3050000        -1.3396480        2.0085815        0.31873039        135.78229
2.3100000        -1.3304321        1.9287361        0.28505968        123.46821
2.3150000        -1.3145360        1.6432513        0.20517711        91.256245
2.3200000        -1.3129054        1.7916005        0.24926716        112.61168
2.3250000        -1.3009982        1.5912184        0.20626723        84.227231
2.3300000        -1.2938886        1.5784039        0.18537063        83.207796
2.3350000        -1.2854873        1.4388257        0.17044976        61.016705
2.3400000        -1.2796593        1.4003047        0.17892244        62.291948
2.3450000        -1.2736940        1.4798508        0.18313197        69.939791
2.3500000        -1.2650187        1.3679795        0.14702707        44.453336
2.3550000        -1.2598648        1.3846100        0.15400041        50.927090
2.3600000        -1.2523519        1.3185434        0.14032211        41.086180
2.3650000        -1.2457102        1.2680041        0.12646380        39.031971
2.3700000        -1.2389868        1.2280860        0.12105296        34.285192
2.3750000        -1.2333943        1.2117821        0.11119063        28.535397
2.3800000        -1.2277513        1.2018477        0.11564028        31.542895
2.3850000        -1.2213020        1.1655064        0.11896251        30.902409
2.3900000        -1.2146630        1.1473641        0.10228403        24.740686
2.3950000        -1.2102127        1.1495761        0.10981305        24.825573
2.4000000        -1.2041662        1.1574216        0.099699944        24.027991
