2.1000000        -1.6604800        1.2610298        0.86132709        13.619452
2.1050000        -1.6573450        0.96304738        0.86625354        0.96269397
2.1100000        -1.6523415        0.99365630        0.86314151        1.0754522
2.1150000        -1.6472585        1.0071823        0.86015799        1.0955165
2.1200000        -1.6420522        1.0356474        0.85693995        1.2002407
2.1250000        -1.6375953        1.0431227        0.85445605        1.2602547
2.1300000        -1.6316470        1.0607331        0.85024365        1.3621870
2.1350000        -1.6266743        1.0711840        0.84715172        1.4153111
2.1400000        -1.6212325        1.0780069        0.84414830        1.4420012
2.1450000        -1.6157163        1.1091275        0.84005928        1.6539978
2.1500000        -1.6096158        1.1237084        0.83584092        1.6372410
2.1550000        -1.6034913        1.1632703        0.83084906        2.0506935
2.1600000        -1.5977474        1.2335760        0.82624576        2.4718160
2.1650000        -1.5917799        1.2269087        0.82310423        2.2171393
2.1700000        -1.5854540        1.2595960        0.81747752        2.5213002
2.1750000        -1.5810492        1.2407096        0.81598329        2.3510505
2.1800000        -1.5735560        1.2639564        0.80934086        2.5369038
2.1850000        -1.5674811        1.3101606        0.80454249        3.1485764
2.1900000        -1.5590437        1.3650754        0.79540409        3.8898724
2.1950000        -1.5533611        1.3855927        0.79121517        4.1374170
2.2000000        -1.5466296        1.4154514        0.78535000        4.8643752
2.2050000        -1.5390279        1.4655935        0.77766272        5.4557624
2.2100000        -1.5330396        1.4766681        0.77324439        5.3201310
2.2150000        -1.5255297        1.5418953        0.76398903        7.5984686
2.2200000        -1.5175277        1.5565594        0.75682682        6.9018139
2.2250000        -1.5107078        1.6263115        0.74701691        12.984973
2.2300000        -1.5019228        1.5521293        0.74012664        7.5636233
2.2350000        -1.4936093        1.6668825        0.73020653        9.2934821
2.2400000        -1.4841285        1.7355529        0.71619515        11.867669
2.2450000        -1.4731068        2.0093760        0.68854241        34.936696
2.2500000        -1.4634471        2.0239333        0.67768784        30.199322
2.2550000        -1.4514272        2.0721044        0.64665976        49.675380
2.2600000        -1.4446607        2.1981655        0.63721420        52.928232
2.2650000        -1.4329402        1.9871830        0.62872141        31.589556
2.2700000        -1.4165397        2.4100506        0.56209623        77.166241
2.2750000        -1.4127526        2.2613623        0.57576270        64.651143
2.2800000        -1.4007417        2.2325006        0.52792766        90.296310
2.2850000        -1.3824749        2.1008363        0.47019081        82.780714
2.2900000        -1.3706527        2.3289309        0.42226430        115.71527
2.2950000        -1.3658229        2.2901388        0.43624924        98.775880
2.3000000        -1.3537848        2.2627383        0.39777344        104.11467
2.3050000        -1.3432993        2.1141938        0.37134188        98.467125
2.3100000        -1.3284841        1.7924230        0.29930762        83.438318
2.3150000        -1.3209587        1.8602062        0.29817163        90.509650
2.3200000        -1.3120306        1.7480466        0.27680733        80.608685
2.3250000        -1.3016200        1.6598658        0.23501060        70.677043
2.3300000        -1.2938000        1.5495526        0.23710912        60.680348
2.3350000        -1.2863337        1.4622431        0.21347859        50.824471
2.3400000        -1.2818890        1.4520335        0.20502408        60.191187
2.3450000        -1.2724690        1.4080298        0.19948282        46.030511
2.3500000        -1.2645506        1.3985302        0.18859782        48.858033
2.3550000        -1.2595647        1.3365542        0.18696042        36.461970
2.3600000        -1.2515762        1.3207788        0.16259681        36.608408
2.3650000        -1.2462461        1.2828073        0.16388856        37.506377
2.3700000        -1.2397898        1.2997739        0.16608602        36.724567
2.3750000        -1.2337226        1.2328463        0.16262724        33.005418
2.3800000        -1.2265548        1.1898342        0.14058532        27.147931
2.3850000        -1.2214799        1.1622213        0.14067112        27.869060
2.3900000        -1.2167133        1.1537652        0.14445265        25.591561
2.3950000        -1.2110043        1.1719788        0.13619561        25.283559
2.4000000        -1.2041460        1.1196627        0.12746787        25.159024
